1 83766881
2 82010188
3 86209420
4 7529664
5 83861825
6 44954871
7 66716951
8 48361926
9 17601072
10 20285700
11 650230
12 66562565
13 686527
14 85417124
15 30428725
16 81316076
17 72591435
18 26754580
19 25999545
20 79615777
21 89840985
22 20558805
23 66865066
24 91254382
25 87742002
26 95108758
27 92290458
28 47417811
29 91165395
30 97719354
31 56845356
32 90238352
33 93570101
34 90958130
35 34628418
36 26317915
37 19000086
38 91705550
39 40470770
40 46151684
41 43851525
42 63907749
43 39480394
44 22815467
45 8768188
46 31979787
47 78485302
48 50533297
49 15555868
50 66280454
51 82437114
52 35553571
53 49103276
54 7492971
55 35203927
56 89766131
57 92421025
58 8296840
59 28620429
60 25794907
61 48538143
62 4859373
63 40098412
64 50517760
65 46951275
66 76803067
67 71317320
68 33411133
69 44427170
70 8270856
71 94992607
72 57864148
73 83267841
74 77268640
75 61449628
76 17195872
77 57258648
78 26880416
79 45186681
80 17429412
81 18300744
82 99737645
83 7683459
84 83027276
85 73948672
86 42329472
87 87169229
88 25107974
89 28788719
90 75866574
91 40037910
92 71280551
93 82425275
94 35590417
95 68521306
96 52079429
97 33607325
98 90236215
99 23311594
100 99474659
101 9820261
102 11888040
103 35968370
104 56394160
105 29521035
106 90871207
107 95294919
108 65113294
109 47079118
110 17478143
111 82075872
112 73587817
113 35364949
114 25582213
115 3108206
116 55876647
117 74752427
118 28205029
119 87912632
120 97304124
121 30284398
122 29783969
123 1772563
124 48173665
125 26564638
126 38301964
127 57235155
128 90547539
129 17059706
130 78579235
131 42492767
132 61092766
133 35678182
134 71260626
135 56020874
136 50706608
137 78690389
138 3033560
139 58813258
140 43740961
141 89622136
142 22478829
143 92279735
144 35535122
145 85325402
146 47162413
147 88063379
148 53973159
149 4785073
150 11474443
151 41451092
152 4302017
153 18277803
154 64605472
155 15102678
156 23372520
157 30298750
158 48644705
159 28400265
160 2562805
161 95857753
162 76822923
163 85135771
164 51958111
165 42920486
166 14949090
167 5095932
168 48479474
169 1407857
170 68019553
171 21045975
172 47631893
173 59123604
174 22906186
175 4893411
176 19286628
177 91570030
178 15695386
179 2575142
180 55156244
181 57367208
182 47724862
183 69878363
184 39342715
185 49103822
186 881263
187 52309490
188 15091019
189 89328075
190 40063736
191 50396652
192 45790133
193 39858344
194 7718546
195 71532441
196 95406253
197 57758359
198 63441549
199 30487501
200 46659795
201 22118018
202 51531612
203 79505302
204 26697884
205 79655785
206 96432513
207 96212857
208 56044715
209 15082197
210 12521190
211 64111989
212 81852057
213 76088457
214 35795404
215 35099582
216 52815715
217 29379047
218 14203942
219 19269181
220 37613638
221 47263201
222 93648045
223 20011367
224 42324948
225 60629411
226 57788697
227 48828813
228 25188518
229 5234881
230 22762769
231 89083506
232 67466023
233 11397199
234 29250862
235 10738957
236 44356677
237 66142512
238 34121080
239 14086989
240 71928568
241 3270993
242 58139286
243 48841704
244 3228706
245 527119
246 73692108
247 72087926
248 27757612
249 20224234
250 72100803
251 27731341
252 81559979
253 65266928
254 26117879
255 37389292
256 62998550
257 6960316
258 83220880
259 14533063
260 15440739
261 55423967
262 85889410
263 10381959
264 93664615
265 76010326
266 15406422
267 91466419
268 72349172
269 2397819
270 15099613
271 78354659
272 5609530
273 43222860
274 51735153
275 36826482
276 12465398
277 97877222
278 814545
279 79432695
280 42355982
281 52023219
282 18157162
283 64621547
284 34240379
285 54925241
286 68805013
287 94111874
288 30797653
289 74668214
290 87489762
291 82534523
292 48570667
293 95134804
294 54140852
295 27520102
296 35229709
297 34403539
298 21396531
299 20905838
300 64282342
301 58614472
302 25770289
303 25931186
304 57626590
305 52336104
306 52778351
307 22509709
308 53003556
309 55240151
310 40037591
311 6587934
312 51395081
313 85540102
314 78602889
315 87907728
316 97034055
317 53885010
318 80526305
319 16690571
320 15047870
321 75168828
322 8230624
323 92479003
324 50075289
325 72721406
326 21750481
327 58926573
328 71156670
329 84459712
330 44022427
331 62577754
332 69453179
333 46971639
334 45294294
335 53737940
336 69696656
337 37048365
338 38139697
339 76253666
340 1899618
341 90550299
342 7224865
343 82866668
344 97447767
345 24002468
346 18867071
347 3611276
348 42330891
349 25953912
350 29067598
351 39113568
352 46569538
353 66658830
354 75185763
355 9469490
356 14771533
357 81072603
358 44353375
359 30762254
360 56110604
361 16837668
362 75381410
363 57284294
364 69537925
365 49294445
366 98682896
367 62752457
368 43355526
369 32419581
370 57063334
371 54695021
372 2507176
373 75677572
374 62407289
375 47644165
376 27896741
377 5768230
378 5465136
379 80019950
380 17998368
381 60009215
382 74624386
383 33357029
384 18139991
385 61055219
386 23535307
387 49718140
388 71264008
389 29402544
390 20971924
391 25623981
392 1553615
393 19113114
394 98243336
395 12783586
396 95894512
397 68032506
398 85852407
399 75935348
400 21115459
401 54333210
402 48831504
403 48796683
404 9032747
405 58808545
406 60008363
407 60706903
408 33175562
409 45548080
410 74793420
411 85733130
412 32065639
413 98845217
414 34026574
415 89992132
416 86594156
417 46557615
418 99344888
419 68602292
420 47005801
421 57767757
422 57006516
423 91246858
424 45759550
425 21754303
426 20645552
427 8832469
428 67493630
429 46493030
430 44645819
431 618271
432 23471675
433 4417483
434 51452818
435 45917307
436 53757355
437 47973004
438 9111228
439 6987759
440 36083778
441 65568007
442 10204205
443 74849249
444 21042235
445 86103816
446 88188622
447 3636757
448 49128732
449 35950786
450 17817648
451 7124121
452 3044340
453 60601701
454 3947880
455 99014926
456 55299165
457 70158150
458 56771806
459 68582888
460 95441643
461 54162153
462 73601685
463 81847741
464 28724538
465 60938161
466 37392872
467 84853256
468 15329283
469 38317572
470 10003396
471 98196558
472 17088924
473 43106774
474 73859276
475 89276278
476 52789570
477 79078707
478 202227
479 52199507
480 33502382
481 8463412
482 57633086
483 82841868
484 66254735
485 36901504
486 53319084
487 1986369
488 7631757
489 67971643
490 93227608
491 44279579
492 63912315
493 82638886
494 9269497
495 44398305
496 46309057
497 30928676
498 7889558
499 11711804
500 94975779
501 3411081
502 99210382
503 49227049
504 75537869
505 24157299
506 76641680
507 76561464
508 81516043
509 55631006
510 73904625
511 1038407
512 8409247
513 97182289
514 3777751
515 8696429
516 96774937
517 1531831
518 86012418
519 48943767
520 58960115
521 48005470
522 4711013
523 93717954
524 41269914
525 90038381
526 32563327
527 21626197
528 45064551
529 44115988
530 39943631
531 64961672
532 14060902
533 55645447
534 516101
535 92526517
536 32976112
537 75636432
538 5756725
539 29229499
540 73209419
541 65004509
542 23582203
543 80149724
544 76437030
545 47739764
546 47536247
547 75897687
548 22723961
549 45447215
550 24584024
551 24916820
552 78461185
553 37889828
554 11124612
555 9930264
556 57525377
557 55264514
558 10358867
559 10206698
560 17533862
561 70648258
562 66339418
563 36889252
564 85957104
565 71872612
566 64728158
567 33123083
568 80554005
569 4598078
570 79733406
571 66164486
572 13221097
573 77512367
574 63586666
575 46907681
576 98854281
577 30083659
578 1846699
579 6587168
580 13707685
581 24054384
582 24179572
583 45841350
584 71499893
585 70747488
586 82250687
587 51084443
588 91434782
589 51570673
590 7261072
591 58159384
592 17116120
593 38413756
594 81677010
595 59205690
596 3449826
597 84734751
598 36890929
599 94993102
600 80447759
601 80794793
602 47785446
603 14399214
604 23649358
605 27961188
606 28726624
607 59473626
608 71308677
609 56717118
610 73600724
611 9656251
612 45214484
613 54881746
614 77187473
615 52042400
616 33773567
617 33387980
618 52279297
619 62813794
620 52861707
621 93784768
622 4441466
623 54195569
624 14576977
625 35319192
626 12547995
627 23512820
628 38279788
629 11400332
630 74060174
631 65424400
632 68655561
633 86094189
634 43974540
635 46930800
636 94251470
637 34903677
638 29849375
639 9735599
640 54662702
641 35515739
642 33285649
643 49305843
644 21923429
645 75332496
646 29195468
647 29546481
648 76661237
649 19568353
650 46723724
651 30584887
652 96799645
653 10638886
654 16032007
655 29206595
656 69588949
657 5889286
658 52693036
659 67684790
660 24538606
661 49202267
662 94130505
663 39707361
664 45054186
665 46107632
666 47696827
667 32134805
668 10121796
669 26848762
670 17213154
671 8908425
672 14807802
673 92166460
674 25455268
675 75776179
676 4977335
677 2307071
678 587732
679 98850251
680 88731962
681 90978524
682 13650926
683 78713856
684 72672795
685 15134171
686 39370727
687 99833043
688 53969814
689 31098798
690 57321887
691 40074777
692 94204067
693 78985313
694 98235083
695 19631800
696 52804469
697 3101749
698 58248379
699 59292207
700 39342228
701 70624853
702 60474241
703 78907478
704 65863323
705 64659308
706 37678892
707 3939151
708 16270997
709 54230673
710 98095122
711 68003446
712 62257362
713 4552634
714 54177962
715 48182457
716 41296457
717 75279863
718 78803899
719 44182260
720 62191240
721 73687592
722 50355093
723 83452482
724 32549500
725 63479204
726 49875366
727 24449627
728 57248569
729 3074736
730 55740849
731 39897825
732 76362476
733 16549723
734 4707576
735 16782782
736 39393052
737 59914073
738 62071910
739 20355706
740 10328535
741 92786894
742 99257320
743 65313171
744 34713805
745 30396772
746 78247527
747 12431323
748 75028873
749 48663640
750 48455243
751 26053941
752 14224423
753 852216
754 14708245
755 28040661
756 13480562
757 37541014
758 20984882
759 37019508
760 68477705
761 44881128
762 38036758
763 98091216
764 85265433
765 9179471
766 87952065
767 71342884
768 53923910
769 93602357
770 21128733
771 61597679
772 76118715
773 8099063
774 82082405
775 91174091
776 8022292
777 25894825
778 3137875
779 75132478
780 55355427
781 47572729
782 59774269
783 44276330
784 14186107
785 63689530
786 41951655
787 94563039
788 73067253
789 54317443
790 21465604
791 26834636
792 80063531
793 4721526
794 83983335
795 35930668
796 55910400
797 85394131
798 33536588
799 98940889
800 12511752
801 88433957
802 37823070
803 15060699
804 3617290
805 41073169
806 60015834
807 20304591
808 17355852
809 92288297
810 22375406
811 79233380
812 37117953
813 42095880
814 19420186
815 19323407
816 21705981
817 16720529
818 99212480
819 95329937
820 23348458
821 3401147
822 93436701
823 58817954
824 17698898
825 19836355
826 70109854
827 13210084
828 73095271
829 79238224
830 41857706
831 88552616
832 32949918
833 90191580
834 90291995
835 69261771
836 95359342
837 90595107
838 60562010
839 944691
840 87857909
841 83232835
842 42584906
843 27974851
844 70333332
845 31271698
846 64268248
847 21954245
848 72124431
849 3863276
850 70737572
851 67988957
852 27140209
853 44040021
854 27573001
855 79742766
856 19845179
857 97834791
858 795902
859 93015613
860 68690351
861 87280116
862 10958499
863 72405363
864 28309813
865 25737164
866 10171976
867 85499221
868 34488055
869 30125208
870 70347990
871 24338328
872 44460486
873 31211621
874 56609294
875 51886535
876 53160125
877 19819349
878 53179667
879 84939589
880 10716427
881 19157725
882 37950
883 17097172
884 89641685
885 46785373
886 17347322
887 45765649
888 88168172
889 76346536
890 44498964
891 13006508
892 71476214
893 19682308
894 17092241
895 79656001
896 18167790
897 3157424
898 45216101
899 53652313
900 50238702
901 49980606
902 22265885
903 25951699
904 73721218
905 14881706
906 68267952
907 41854733
908 34779381
909 48069757
910 16753288
911 40160295
912 897080
913 68765552
914 83479285
915 66401816
916 59273300
917 30485634
918 51659685
919 83777633
920 56770913
921 31538761
922 61073760
923 6815922
924 13127706
925 63402231
926 50434859
927 75753862
928 4687578
929 98460910
930 41216838
931 15383979
932 21754767
933 42359056
934 69949971
935 32017807
936 37702645
937 75358593
938 1767805
939 56257048
940 5814668
941 14240093
942 81212952
943 13209197
944 85868819
945 90371766
946 81265720
947 90698801
948 89024676
949 88036121
950 85081182
951 78878271
952 46076555
953 78498123
954 65483971
955 69223576
956 72564752
957 45126001
958 11433951
959 12722807
960 9182032
961 42918495
962 17556395
963 42110996
964 60925369
965 36564169
966 93519686
967 31458400
968 10950016
969 93280936
970 41286155
971 64681873
972 62982160
973 38887121
974 56406632
975 16604139
976 95506678
977 30741547
978 93807499
979 50375467
980 84209732
981 1295722
982 81421435
983 30014392
984 13948162
985 90696213
986 35999011
987 52781526
988 21611670
989 5289064
990 67778370
991 87736098
992 23138911
993 58070651
994 155279
995 13509252
996 51453744
997 11699765
998 31612352
999 73237130
1000 57907552
